6.250000000000000000e+01 -2.946278189999999952e+01 -1.041666639999999973e+02
4.166666790000000020e+01 0.000000000000000000e+00 -1.250000000000000000e+02
6.250000000000000000e+01 2.946278189999999952e+01 -1.041666639999999973e+02
8.333333589999999447e+01 0.000000000000000000e+00 -8.333333589999999447e+01
0.000000000000000000e+00 -5.892556379999999905e+01 -8.333333589999999447e+01
0.000000000000000000e+00 0.000000000000000000e+00 -1.250000000000000000e+02
0.000000000000000000e+00 5.892556379999999905e+01 -8.333333589999999447e+01
-1.089913549999999957e-06 -5.449567769999999859e-07 1.089913549999999957e-06
8.333333589999999447e+01 5.892556379999999905e+01 -8.333333589999999447e+01
1.041666639999999973e+02 2.946278189999999952e+01 -6.250000000000000000e+01
6.250000000000000000e+01 8.838835140000000479e+01 -6.250000000000000000e+01
8.333333589999999447e+01 5.892556379999999905e+01 0.000000000000000000e+00
1.250000000000000000e+02 0.000000000000000000e+00 -4.166666790000000020e+01
1.041666639999999973e+02 -2.946278189999999952e+01 -6.250000000000000000e+01
1.250000000000000000e+02 0.000000000000000000e+00 1.058234739999999996e-08
8.333333589999999447e+01 -5.892556379999999905e+01 0.000000000000000000e+00
8.333333589999999447e+01 -5.892556379999999905e+01 -8.333333589999999447e+01
6.250000000000000000e+01 -8.838835140000000479e+01 -6.250000000000000000e+01
-4.166666790000000020e+01 0.000000000000000000e+00 -1.250000000000000000e+02
-6.250000000000000000e+01 2.946278189999999952e+01 -1.041666639999999973e+02
-6.250000000000000000e+01 -2.946278189999999952e+01 -1.041666639999999973e+02
-8.333333589999999447e+01 0.000000000000000000e+00 -8.333333589999999447e+01
-8.333333589999999447e+01 5.892556379999999905e+01 -8.333333589999999447e+01
-6.250000000000000000e+01 8.838835140000000479e+01 -6.250000000000000000e+01
-1.041666639999999973e+02 2.946278189999999952e+01 -6.250000000000000000e+01
-8.333333589999999447e+01 5.892556379999999905e+01 0.000000000000000000e+00
-4.166666790000000020e+01 1.178511280000000028e+02 -4.166666790000000020e+01
0.000000000000000000e+00 1.178511280000000028e+02 -4.166666790000000020e+01
-4.166666790000000020e+01 1.178511280000000028e+02 0.000000000000000000e+00
0.000000000000000000e+00 1.178511280000000028e+02 0.000000000000000000e+00
4.166666790000000020e+01 1.178511280000000028e+02 -4.166666790000000020e+01
4.166666790000000020e+01 1.178511280000000028e+02 0.000000000000000000e+00
-8.333333589999999447e+01 -5.892556379999999905e+01 -8.333333589999999447e+01
-1.041666639999999973e+02 -2.946278189999999952e+01 -6.250000000000000000e+01
-6.250000000000000000e+01 -8.838835140000000479e+01 -6.250000000000000000e+01
-8.333333589999999447e+01 -5.892556379999999905e+01 0.000000000000000000e+00
-1.250000000000000000e+02 1.461213990000000034e-08 -4.166666790000000020e+01
-1.250000000000000000e+02 0.000000000000000000e+00 0.000000000000000000e+00
4.166666790000000020e+01 -1.178511280000000028e+02 -4.166666790000000020e+01
0.000000000000000000e+00 -1.178511280000000028e+02 -4.166666790000000020e+01
4.166666790000000020e+01 -1.178511280000000028e+02 0.000000000000000000e+00
0.000000000000000000e+00 -1.178511280000000028e+02 0.000000000000000000e+00
-4.166666790000000020e+01 -1.178511280000000028e+02 -4.166666790000000020e+01
-4.166666790000000020e+01 -1.178511280000000028e+02 0.000000000000000000e+00
1.250000000000000000e+02 -1.461214080000000063e-08 4.166666790000000020e+01
1.041666639999999973e+02 -2.946278189999999952e+01 6.250000000000000000e+01
1.041666639999999973e+02 2.946278189999999952e+01 6.250000000000000000e+01
8.333333589999999447e+01 0.000000000000000000e+00 8.333333589999999447e+01
8.333333589999999447e+01 -5.892556379999999905e+01 8.333333589999999447e+01
6.250000000000000000e+01 -8.838835140000000479e+01 6.250000000000000000e+01
6.250000000000000000e+01 -2.946278189999999952e+01 1.041666639999999973e+02
0.000000000000000000e+00 -5.892556379999999905e+01 8.333333589999999447e+01
4.166666790000000020e+01 -1.178511280000000028e+02 4.166666790000000020e+01
0.000000000000000000e+00 -1.178511280000000028e+02 4.166666790000000020e+01
8.333333589999999447e+01 5.892556379999999905e+01 8.333333589999999447e+01
6.250000000000000000e+01 2.946278189999999952e+01 1.041666639999999973e+02
6.250000000000000000e+01 8.838835140000000479e+01 6.250000000000000000e+01
0.000000000000000000e+00 5.892556379999999905e+01 8.333333589999999447e+01
4.166666790000000020e+01 0.000000000000000000e+00 1.250000000000000000e+02
-1.058234739999999996e-08 0.000000000000000000e+00 1.250000000000000000e+02
-4.166666790000000020e+01 -1.461214080000000063e-08 1.250000000000000000e+02
-6.250000000000000000e+01 -2.946278189999999952e+01 1.041666639999999973e+02
-6.250000000000000000e+01 2.946278189999999952e+01 1.041666639999999973e+02
-8.333333589999999447e+01 0.000000000000000000e+00 8.333333589999999447e+01
-8.333333589999999447e+01 -5.892556379999999905e+01 8.333333589999999447e+01
-6.250000000000000000e+01 -8.838835140000000479e+01 6.250000000000000000e+01
-1.041666639999999973e+02 -2.946278189999999952e+01 6.250000000000000000e+01
-4.166666790000000020e+01 -1.178511280000000028e+02 4.166666790000000020e+01
4.166666790000000020e+01 1.178511280000000028e+02 4.166666790000000020e+01
0.000000000000000000e+00 1.178511280000000028e+02 4.166666790000000020e+01
-4.166666790000000020e+01 1.178511280000000028e+02 4.166666790000000020e+01
-6.250000000000000000e+01 8.838835140000000479e+01 6.250000000000000000e+01
-8.333333589999999447e+01 5.892556379999999905e+01 8.333333589999999447e+01
-1.041666639999999973e+02 2.946278189999999952e+01 6.250000000000000000e+01
-1.250000000000000000e+02 1.461214080000000063e-08 4.166666790000000020e+01
